0 5611 23 361 68 1496 88 2326 
1 5611 21 388 68 1569 0 0 
2 5611 25 432 68 1528 88 2342 
3 5611 22 309 66 1489 88 2120 
4 5611 23 382 68 1475 88 2334 
5 5611 25 426 69 1512 88 2281 
6 5611 24 392 66 1580 0 0 
7 5611 22 443 67 1558 88 2264 
8 5611 21 411 69 1584 0 0 
9 5611 24 420 68 1499 88 2343 
10 5611 25 442 68 1546 88 2234 
11 5611 22 382 69 1544 0 0 
12 5611 21 385 66 1584 88 2288 
13 5611 23 385 67 1469 88 2350 
14 5611 24 416 68 1505 88 2321 
15 5611 21 385 69 1549 0 0 
16 5611 23 434 68 1520 0 0 
17 5611 22 322 66 1489 88 2112 
18 5611 22 379 70 1554 0 0 
19 5611 22 425 65 1590 0 0 
20 5611 21 389 66 1547 0 0 
21 5611 24 413 68 1505 88 2316 
22 5611 24 426 70 1537 88 2280 
23 5611 22 346 65 1525 88 2120 
24 5611 25 416 69 1523 88 2296 
25 5611 21 359 68 1534 0 0 
26 5611 21 323 70 1519 88 2217 
27 5611 26 378 70 1489 88 2312 
28 5611 25 442 67 1549 88 2236 
29 5611 24 432 70 1526 88 2256 
30 5612 21 338 65 1502 88 2339 
31 5612 22 393 65 1541 88 2224 
32 5612 23 374 65 1522 88 2328 
33 5612 27 419 65 1580 88 2319 
34 5612 29 441 65 1597 88 2327 
35 5612 16 218 65 1447 88 2269 
36 5612 21 366 65 1491 88 2238 
37 5612 26 413 65 1526 88 2316 
38 5612 25 372 65 1549 88 2366 
39 5612 24 319 65 1511 88 2356 
40 5612 29 406 65 1525 88 2288 
41 5612 22 359 65 1511 88 2296 
42 5612 27 419 66 1582 88 2321 
43 5612 25 358 65 1536 88 2359 
44 5612 23 430 64 1498 88 2228 
45 5612 17 292 64 1448 88 2244 
46 5612 17 211 67 1436 88 2309 
47 5612 22 362 65 1559 88 2308 
48 5612 22 367 65 1522 87 2317 
49 5612 26 368 65 1539 88 2314 
50 5612 24 368 65 1506 88 2276 
51 5612 24 354 65 1526 88 2360 
52 5612 13 169 66 1345 88 2343 
53 5612 25 406 65 1524 88 2329 
54 5612 27 383 65 1534 88 2313 
55 5612 26 413 65 1532 88 2320 
56 5612 27 412 65 1586 88 2312 
57 5612 25 372 65 1543 88 2362 
58 5612 25 444 66 1540 88 2218 
59 5612 21 345 65 1509 88 2291 
60 5613 17 259 65 1444 88 2262 
61 5613 13 193 67 1396 88 2300 
62 5613 13 195 67 1396 88 2294 
63 5613 13 211 70 1426 88 2356 
64 5613 14 206 67 1403 88 2290 
65 5613 22 300 68 1481 88 2266 
66 5613 14 203 66 1400 88 2375 
67 5613 16 218 67 1407 88 2278 
68 5613 15 199 65 1364 88 2270 
69 5613 17 231 69 1414 88 2252 
70 5613 18 245 69 1456 88 2227 
71 5613 13 195 69 1377 88 2340 
72 5613 16 199 67 1412 88 2319 
73 5613 13 197 68 1386 88 2281 
74 5613 14 192 66 1401 88 2353 
75 5613 14 195 67 1405 88 2364 
76 5613 14 215 66 1397 88 2390 
77 5613 22 309 68 1452 88 2294 
78 5613 15 207 66 1407 88 2334 
79 5613 22 343 69 1426 88 2294 
80 5613 15 239 67 1427 88 2218 
81 5613 15 200 66 1391 88 2302 
82 5613 13 187 67 1403 88 2331 
83 5613 15 196 66 1394 88 2328 
84 5613 15 194 67 1396 88 2342 
85 5613 17 239 70 1442 88 2228 
86 5613 19 271 67 1402 88 2280 
87 5613 20 282 70 1444 88 2306 
88 5613 15 196 67 1387 87 2229 
89 5613 16 220 66 1413 87 2257 
90 5614 29 493 68 1477 88 2389 
91 5614 29 493 68 1465 88 2387 
92 5614 21 369 68 1439 88 2368 
93 5614 23 387 68 1453 88 2352 
94 5614 19 333 68 1468 88 2337 
95 5614 23 418 68 1445 88 2354 
96 5614 21 361 68 1430 88 2326 
97 5614 25 395 68 1432 88 2322 
98 5614 24 396 68 1456 88 2303 
99 5614 22 392 68 1401 88 2344 
100 5614 29 487 68 1454 88 2391 
101 5614 19 351 67 1415 88 2394 
102 5614 19 353 68 1439 88 2400 
103 5614 17 331 68 1490 88 2360 
104 5614 29 493 67 1475 87 2361 
105 5614 19 322 68 1490 88 2335 
106 5614 20 320 68 1398 88 2265 
107 5614 19 359 68 1480 88 2363 
108 5614 18 335 70 1435 88 2400 
109 5614 21 371 70 1437 88 2364 
110 5614 26 425 68 1442 87 2281 
111 5614 29 498 68 1465 88 2387 
112 5614 27 402 68 1457 88 2334 
113 5614 17 333 68 1486 88 2353 
114 5614 19 362 68 1445 88 2365 
115 5614 19 350 68 1458 88 2366 
116 5614 24 458 68 1444 88 2396 
117 5614 25 382 68 1443 88 2318 
118 5614 22 360 68 1471 88 2312 
119 5614 19 356 68 1454 88 2349 
120 5615 27 526 68 1560 88 2258 
121 5615 19 319 68 1497 88 2342 
122 5615 23 378 68 1482 88 2308 
123 5615 21 387 65 1520 88 2368 
124 5615 15 277 66 1476 88 2389 
125 5615 24 348 66 1514 88 2275 
126 5615 26 459 68 1527 88 2232 
127 5615 20 302 67 1489 88 2268 
128 5615 23 339 66 1509 88 2285 
129 5615 20 389 66 1509 88 2366 
130 5615 25 414 68 1513 88 2260 
131 5615 15 267 66 1468 88 2278 
132 5615 25 383 69 1513 88 2272 
133 5615 23 405 68 1430 88 2354 
134 5615 19 384 66 1504 88 2367 
135 5615 22 401 66 1521 88 2326 
136 5615 25 415 68 1523 88 2229 
137 5615 25 412 68 1517 88 2275 
138 5615 25 388 68 1521 88 2266 
139 5615 17 323 68 1476 88 2339 
140 5615 21 383 66 1486 88 2348 
141 5615 23 378 68 1528 88 2295 
142 5615 25 411 68 1526 88 2266 
143 5615 23 389 66 1520 88 2312 
144 5615 26 471 68 1521 88 2237 
145 5615 23 444 66 1529 88 2299 
146 5615 26 482 68 1541 88 2254 
147 5615 22 430 66 1516 88 2327 
148 5615 22 397 68 1512 88 2297 
149 5615 25 428 68 1551 88 2268 
150 5616 18 302 66 1419 88 2294 
151 5616 19 318 64 1455 88 2296 
152 5616 25 513 64 1441 88 2271 
153 5616 23 473 66 1469 88 2220 
154 5616 21 328 67 1432 88 2283 
155 5616 26 439 67 1537 88 2268 
156 5616 23 477 66 1475 88 2226 
157 5616 23 549 65 1512 88 2276 
158 5616 23 451 65 1555 0 0 
159 5616 23 426 66 1535 0 0 
160 5616 23 317 67 1468 88 2363 
161 5616 19 316 67 1446 88 2298 
162 5616 25 516 66 1463 88 2298 
163 5616 21 381 69 1519 88 2215 
164 5616 20 412 67 1499 88 2218 
165 5616 21 369 65 1457 88 2356 
166 5616 20 336 69 1494 88 2246 
167 5616 20 350 68 1502 86 2178 
168 5616 22 393 65 1427 88 2304 
169 5616 23 452 68 1562 88 2218 
170 5616 25 546 66 1471 88 2273 
171 5616 23 497 65 1496 88 2233 
172 5616 19 315 68 1443 88 2296 
173 5616 23 394 66 1520 88 2329 
174 5616 23 405 67 1505 88 2184 
175 5616 22 448 66 1454 88 2279 
176 5616 23 315 67 1457 88 2356 
177 5616 23 505 65 1499 88 2250 
178 5616 18 278 67 1426 88 2296 
179 5616 19 302 67 1444 88 2273 
180 5617 25 367 64 1449 88 2325 
181 5617 22 358 65 1429 88 2216 
182 5617 25 495 65 1494 88 2326 
183 5617 22 305 65 1467 88 2323 
184 5617 21 395 65 1452 88 2280 
185 5617 22 364 65 1428 88 2220 
186 5617 25 495 65 1473 88 2292 
187 5617 21 344 65 1443 88 2226 
188 5617 21 332 65 1430 88 2222 
189 5617 25 514 65 1474 88 2292 
190 5617 23 487 62 1463 88 2259 
191 5617 25 545 65 1489 88 2263 
192 5617 21 390 65 1477 88 2312 
193 5617 22 334 65 1409 88 2254 
194 5621 17 267 65 1486 88 2319 
195 5621 17 277 65 1497 88 2356 
196 5621 17 267 65 1487 88 2327 
197 5621 21 322 65 1495 88 2350 
198 5621 21 332 63 1467 88 2331 
199 5621 17 263 65 1489 88 2333 
200 5621 21 330 65 1502 88 2377 
201 5621 18 252 64 1457 88 2302 
202 5621 17 189 65 1405 88 2247 
203 5621 17 215 65 1425 88 2288 
204 5621 18 230 65 1436 88 2326 
205 5621 21 354 65 1518 88 2384 
206 5621 17 266 65 1478 88 2339 
207 5621 18 216 65 1429 88 2311 
208 5621 18 236 65 1448 88 2296 
209 5621 18 226 65 1435 88 2274 
210 5621 18 246 65 1471 88 2303 
211 5621 17 169 63 1382 88 2236 
212 5621 17 257 64 1442 88 2338 
213 5621 17 211 65 1435 88 2270 
214 5621 18 262 65 1484 87 2297 
215 5621 17 191 65 1406 88 2275 
216 5621 18 224 65 1438 88 2284 
217 5621 18 254 65 1476 88 2324 
218 5621 16 192 65 1422 88 2292 
219 5621 17 197 65 1418 88 2253 
220 5621 17 179 64 1378 88 2273 
221 5621 17 269 65 1477 88 2346 
222 5621 17 273 64 1471 88 2362 
223 5621 21 341 65 1516 88 2381 
224 5622 21 305 63 1385 88 2267 
225 5622 16 279 65 1407 88 2212 
226 5622 21 356 65 1535 88 2376 
227 5622 26 384 65 1479 88 2317 
228 5622 24 294 65 1457 88 2271 
229 5622 16 277 65 1409 88 2215 
230 5622 23 294 65 1432 88 2236 
231 5622 17 255 65 1465 88 2331 
232 5622 23 287 65 1442 88 2240 
233 5622 24 381 65 1502 88 2338 
234 5622 16 275 65 1402 88 2214 
235 5622 18 242 65 1448 88 2331 
236 5622 17 269 65 1396 88 2220 
237 5622 21 323 65 1392 88 2243 
238 5622 19 281 65 1381 88 2201 
239 5622 17 210 65 1428 88 2322 
240 5622 16 270 65 1484 88 2300 
241 5622 16 264 65 1483 88 2305 
242 5622 18 236 65 1451 88 2304 
243 5622 17 283 65 1487 88 2374 
244 5622 21 343 65 1377 88 2262 
245 5622 24 375 65 1497 88 2344 
246 5622 22 356 65 1529 88 2370 
247 5622 16 274 65 1486 88 2312 
248 5622 26 363 65 1472 88 2299 
249 5622 16 234 65 1441 88 2282 
250 5622 16 271 65 1410 88 2224 
251 5622 18 250 65 1434 88 2248 
252 5622 17 213 65 1422 88 2292 
253 5622 17 273 65 1490 88 2329 
254 5623 33 413 65 1446 87 2255 
255 5623 18 282 65 1504 88 2357 
256 5623 24 366 65 1502 88 2347 
257 5623 25 377 65 1514 88 2356 
258 5623 16 236 65 1325 88 2188 
259 5623 25 322 65 1402 88 2248 
260 5623 17 245 65 1414 88 2304 
261 5623 26 376 65 1489 88 2324 
262 5623 27 368 65 1455 88 2289 
263 5623 18 272 65 1506 88 2384 
264 5623 25 327 64 1401 88 2234 
265 5623 27 383 65 1493 88 2326 
266 5623 26 368 65 1421 87 2249 
267 5623 26 332 65 1420 88 2282 
268 5623 25 402 65 1508 88 2354 
269 5623 21 375 65 1536 88 2376 
270 5623 24 317 65 1504 88 2350 
271 5623 23 274 65 1378 88 2248 
272 5623 25 328 65 1530 88 2381 
273 5623 18 311 65 1341 88 2211 
274 5623 17 265 64 1360 88 2275 
275 5623 24 341 65 1536 88 2373 
276 5623 25 343 65 1416 88 2272 
277 5623 31 405 65 1457 88 2295 
278 5623 26 372 65 1445 88 2244 
279 5623 26 355 65 1438 88 2242 
280 5623 18 278 65 1393 88 2232 
281 5623 24 330 65 1411 88 2238 
282 5623 19 333 65 1373 88 2234 
283 5623 20 264 65 1455 88 2324 
284 5624 23 358 62 1226 88 2106 
285 5624 15 261 61 1206 88 2109 
286 5624 22 283 63 1296 88 2181 
287 5624 22 368 62 1303 88 2205 
288 5624 21 310 63 1332 87 2211 
289 5624 24 430 63 1320 88 2179 
290 5624 21 270 63 1244 88 2222 
291 5624 18 279 61 1201 88 2102 
292 5624 23 366 62 1226 88 2120 
293 5624 21 332 62 1233 88 2138 
294 5624 22 333 63 1280 88 2162 
295 5624 21 347 63 1317 88 2199 
296 5624 17 266 61 1256 88 2154 
297 5624 21 342 61 1292 88 2167 
298 5624 15 173 60 1208 88 2214 
299 5624 20 282 61 1242 88 2159 
300 5624 22 311 63 1323 88 2216 
301 5624 24 395 63 1309 88 2199 
302 5624 18 206 63 1298 88 2252 
303 5624 19 286 60 1188 88 2099 
304 5624 11 163 59 1147 88 2124 
305 5624 23 366 62 1257 88 2130 
306 5624 23 303 63 1400 88 2294 
307 5624 16 259 61 1248 88 2141 
308 5624 19 266 61 1214 88 2106 
309 5624 20 274 63 1243 88 2179 
310 5624 21 357 63 1303 88 2172 
311 5624 21 363 63 1322 88 2194 
312 5624 21 319 63 1235 88 2123 
313 5624 17 274 63 1281 88 2176 
314 5625 21 385 65 1321 88 2216 
315 5625 13 226 60 1167 88 2092 
316 5625 13 256 60 1178 88 2176 
317 5625 13 284 60 1206 87 2137 
318 5625 19 338 65 1392 88 2256 
319 5625 12 216 60 1162 88 2107 
320 5625 21 365 65 1302 88 2177 
321 5625 20 338 60 1217 88 2104 
322 5625 13 220 60 1160 88 2088 
323 5625 19 372 60 1258 88 2178 
324 5625 15 239 60 1118 88 2083 
325 5625 16 255 60 1225 88 2162 
326 5625 22 354 62 1259 88 2143 
327 5625 21 355 64 1373 88 2266 
328 5625 19 327 65 1310 88 2237 
329 5625 13 241 60 1142 88 2103 
330 5625 21 350 65 1399 88 2265 
331 5625 16 245 60 1214 88 2149 
332 5625 18 300 60 1258 88 2190 
333 5625 11 161 58 1044 88 2002 
334 5625 18 334 59 1197 88 2100 
335 5625 12 270 60 1167 88 2174 
336 5625 20 366 60 1276 88 2176 
337 5625 13 304 60 1217 88 2167 
338 5625 22 370 61 1247 88 2144 
339 5625 14 196 60 1143 88 2095 
340 5625 18 308 62 1276 88 2202 
341 5625 15 220 60 1182 88 2132 
342 5625 19 349 60 1209 88 2117 
343 5625 13 215 60 1141 88 2082 
344 5626 13 179 60 1101 88 2158 
345 5626 15 162 62 1293 88 2238 
346 5626 2 14 56 872 88 1942 
347 5626 1 13 56 881 88 1971 
348 5626 4 26 57 959 88 2023 
349 5626 13 151 57 969 88 2035 
350 5626 4 26 55 949 88 2040 
351 5626 12 151 59 1063 88 2110 
352 5626 23 281 63 1396 88 2290 
353 5626 1 1 55 720 88 1826 
354 5626 15 161 60 1046 88 2092 
355 5626 14 150 59 990 87 2046 
356 5626 17 202 60 1140 88 2167 
357 5626 17 109 62 1199 88 2134 
358 5626 1 7 55 772 88 1944 
359 5626 12 143 58 999 88 2048 
360 5626 16 167 63 1389 88 2218 
361 5626 1 2 54 725 88 1874 
362 5626 17 201 59 1075 88 2124 
363 5626 15 157 59 1030 88 2076 
364 5626 17 107 62 1208 88 2118 
365 5626 16 127 63 1290 88 2179 
366 5626 16 194 59 1061 88 2114 
367 5626 12 147 58 977 88 2042 
368 5626 10 75 57 936 88 2070 
369 5626 16 173 63 1391 88 2208 
370 5626 8 74 56 861 88 2006 
371 5626 1 9 56 835 88 1904 
372 5626 1 7 57 819 88 1904 
373 5626 14 152 59 991 88 2078 
374 5627 13 94 56 949 88 2104 
375 5627 9 93 60 1158 88 2193 
376 5627 6 60 52 834 88 1923 
377 5627 14 183 55 979 88 1996 
378 5627 10 166 49 859 88 1884 
379 5627 10 167 51 868 88 1896 
380 5627 10 93 55 901 88 2048 
381 5627 12 181 55 986 88 2020 
382 5627 14 135 51 878 88 1900 
383 5627 7 86 56 991 88 2055 
384 5627 10 84 56 911 88 2001 
385 5627 6 68 53 858 88 1953 
386 5627 9 78 49 760 88 1854 
387 5627 10 168 50 868 88 1892 
388 5627 14 176 52 938 88 1958 
389 5627 7 78 56 989 88 2057 
390 5627 6 76 55 946 88 2000 
391 5627 9 116 55 919 88 1936 
392 5627 14 169 52 913 88 1940 
393 5627 13 92 56 958 88 2104 
394 5627 5 44 52 800 88 1924 
395 5627 6 74 53 908 88 1968 
396 5627 7 59 56 885 88 1990 
397 5627 6 84 54 920 88 1920 
398 5627 8 66 50 814 88 1864 
399 5627 10 131 56 906 88 2032 
400 5627 5 42 51 773 88 1858 
401 5627 13 152 57 1021 88 2038 
402 5627 10 158 50 847 88 1872 
403 5627 8 63 48 798 88 1837 
404 5628 18 277 60 1104 88 2080 
405 5628 15 304 60 1186 87 2135 
406 5628 13 308 59 1193 88 2139 
407 5628 15 317 60 1221 88 2200 
408 5628 15 265 59 1096 88 2092 
409 5628 18 300 59 1153 88 2156 
410 5628 16 333 60 1167 88 2112 
411 5628 18 313 60 1084 88 2040 
412 5628 18 315 57 1071 88 2042 
413 5628 12 228 59 1115 88 2162 
414 5628 17 246 59 1083 88 2061 
415 5628 18 316 59 1119 88 2055 
416 5628 15 279 60 1146 88 2143 
417 5628 15 202 56 1026 88 2102 
418 5628 18 319 59 1108 88 2049 
419 5628 16 311 60 1112 88 2067 
420 5628 15 285 59 1124 88 2138 
421 5628 15 299 60 1124 88 2120 
422 5628 12 247 59 1073 88 2086 
423 5628 15 285 60 1116 88 2098 
424 5628 13 261 58 1127 88 2170 
425 5628 12 190 55 1059 88 2106 
426 5628 18 305 59 1092 88 2037 
427 5628 18 311 58 1111 88 2060 
428 5628 16 304 60 1178 88 2112 
429 5628 18 325 60 1143 88 2097 
430 5628 18 306 59 1086 88 2048 
431 5628 18 318 59 1170 88 2086 
432 5628 15 283 60 1113 88 2114 
433 5628 13 257 58 1108 88 2104 
434 5629 14 168 54 955 88 1999 
435 5629 13 205 54 1023 88 2024 
436 5629 14 217 56 1017 88 2033 
437 5629 12 171 52 954 88 1966 
438 5629 11 178 52 932 88 1956 
439 5629 11 151 53 916 88 1962 
440 5629 13 201 54 1019 88 2035 
441 5629 7 97 50 845 88 1874 
442 5629 4 39 48 734 88 1778 
443 5629 14 208 51 974 88 2042 
444 5629 13 187 52 985 88 1998 
445 5629 10 153 50 900 88 1956 
446 5629 9 95 50 880 88 1952 
447 5629 12 193 54 994 88 2008 
448 5629 11 145 52 938 88 1964 
449 5629 8 106 50 865 88 1888 
450 5629 10 148 49 865 88 1954 
451 5629 8 105 51 887 88 2038 
452 5629 18 314 54 1027 88 2033 
453 5629 13 185 53 990 88 1992 
454 5629 11 166 52 931 88 1978 
455 5629 14 213 52 983 88 2055 
456 5629 7 95 50 850 88 1946 
457 5629 8 96 50 858 88 1968 
458 5629 15 220 51 942 88 2025 
459 5629 8 102 49 856 88 2014 
460 5629 14 222 56 1028 88 2054 
461 5629 11 158 53 940 88 1951 
462 5629 10 120 50 897 88 1912 
463 5629 14 227 55 1022 88 2056 
464 5631 12 204 66 1303 88 2216 
465 5631 17 177 68 1361 88 2296 
466 5631 4 62 63 1184 88 2250 
467 5631 17 229 68 1478 88 2407 
468 5631 19 258 64 1406 88 2320 
469 5631 20 273 65 1424 88 2324 
470 5631 21 284 65 1506 88 2406 
471 5631 19 245 65 1439 88 2363 
472 5631 13 182 67 1256 88 2206 
473 5631 5 82 64 1266 88 2322 
474 5631 6 100 67 1316 88 2362 
475 5631 18 198 67 1434 88 2405 
476 5631 14 169 67 1264 88 2189 
477 5631 15 212 65 1389 88 2342 
478 5631 17 237 65 1380 88 2277 
479 5631 15 250 64 1274 88 2257 
480 5631 4 79 64 1253 88 2313 
481 5631 4 41 62 1104 88 2188 
482 5631 19 242 64 1390 88 2314 
483 5631 18 192 65 1386 88 2320 
484 5631 17 206 65 1364 88 2264 
485 5631 12 212 66 1301 88 2210 
486 5631 16 159 67 1337 88 2284 
487 5631 16 203 65 1351 88 2272 
488 5631 16 228 65 1366 88 2266 
489 5631 16 260 65 1368 88 2332 
490 5631 20 269 64 1429 88 2346 
491 5631 16 151 65 1299 88 2240 
492 5631 16 223 62 1316 87 2228 
493 5631 15 180 68 1283 88 2199 
494 5632 8 138 62 1105 88 2112 
495 5632 18 197 59 1046 88 2082 
496 5632 17 159 57 998 88 2042 
497 5632 6 80 54 904 88 1998 
498 5632 10 111 52 927 88 1979 
499 5632 16 270 62 1193 88 2189 
500 5632 23 304 60 1158 88 2176 
501 5632 12 126 55 1013 88 2048 
502 5632 18 191 59 1038 88 2078 
503 5632 16 151 55 993 88 2032 
504 5632 9 112 50 869 88 1967 
505 5632 16 285 63 1221 88 2208 
506 5632 23 320 61 1168 88 2200 
507 5632 20 322 64 1269 88 2279 
508 5632 12 225 61 1105 88 2142 
509 5632 18 290 64 1211 88 2204 
510 5632 18 226 59 1106 88 2156 
511 5632 15 241 54 991 88 2042 
512 5632 14 136 57 1013 88 2052 
513 5632 10 126 53 941 88 2033 
514 5632 17 257 61 1152 88 2148 
515 5632 14 261 65 1270 88 2267 
516 5632 16 284 64 1199 88 2207 
517 5632 23 339 61 1191 88 2184 
518 5632 15 233 53 972 88 2029 
519 5632 11 133 53 947 88 2019 
520 5632 14 191 60 1102 88 2093 
521 5632 9 127 54 962 88 2004 
522 5632 16 275 64 1219 88 2204 
523 5632 15 233 54 963 88 2030 
524 5633 10 130 52 923 88 2072 
525 5633 5 63 51 851 88 2036 
526 5633 10 122 52 1004 88 2176 
527 5633 5 33 47 725 88 1920 
528 5633 1 13 47 648 88 1820 
529 5633 12 119 55 1004 88 2182 
530 5633 5 75 53 884 88 2064 
531 5633 9 125 52 928 88 2060 
532 5633 5 51 49 779 88 2006 
533 5633 5 49 50 792 88 1990 
534 5633 10 130 53 929 88 2052 
535 5633 9 101 52 955 88 2149 
536 5633 6 68 51 859 88 1989 
537 5633 9 123 53 912 88 2058 
538 5633 6 82 53 898 88 2038 
539 5633 9 121 51 888 88 2058 
540 5633 3 30 48 707 88 1851 
541 5633 5 30 47 728 88 1934 
542 5633 8 96 53 952 88 2126 
543 5633 6 70 51 871 88 2013 
544 5633 8 99 53 959 88 2132 
545 5633 3 32 48 719 88 1866 
546 5633 1 13 47 628 88 1812 
547 5633 9 123 53 909 88 2056 
548 5633 5 73 53 870 88 2057 
549 5633 1 11 46 645 88 1822 
550 5633 5 64 51 858 88 2040 
551 5633 6 68 52 864 88 1991 
552 5633 1 11 46 617 88 1773 
553 5633 9 99 52 962 88 2137 
554 5641 7 99 66 1249 88 2269 
555 5641 4 92 66 1230 88 2241 
556 5641 3 91 65 1229 88 2246 
557 5641 8 89 65 1176 88 2236 
558 5641 4 68 63 1099 88 2077 
559 5641 4 74 63 1122 88 2124 
560 5641 9 124 66 1255 88 2284 
561 5641 4 93 65 1220 88 2225 
562 5641 9 96 64 1186 88 2256 
563 5641 12 169 66 1354 88 2331 
564 5641 4 86 65 1205 88 2276 
565 5641 7 100 65 1225 88 2258 
566 5641 6 104 67 1294 88 2317 
567 5641 3 91 65 1197 88 2208 
568 5641 4 100 65 1248 88 2261 
569 5641 4 74 62 1095 88 2103 
570 5641 4 64 63 1074 88 2070 
571 5641 4 89 67 1209 88 2222 
572 5641 3 26 61 1015 88 1995 
573 5641 4 70 62 1095 88 2102 
574 5641 4 76 63 1114 88 2102 
575 5641 7 121 65 1282 88 2327 
576 5641 5 53 64 1098 87 2031 
577 5641 4 70 62 1116 88 2116 
578 5641 4 76 63 1136 86 2112 
579 5641 9 102 64 1216 88 2260 
580 5641 3 93 66 1222 88 2252 
581 5641 3 87 64 1178 88 2236 
582 5641 4 76 62 1113 88 2139 
583 5641 3 91 64 1188 88 2194 
584 5642 7 75 67 1190 88 2150 
585 5642 5 59 62 1081 88 2115 
586 5642 13 219 70 1421 88 2374 
587 5642 6 48 63 1101 88 2062 
588 5642 5 43 63 1079 88 2039 
589 5642 11 197 66 1347 88 2326 
590 5642 13 193 66 1356 88 2338 
591 5642 6 58 65 1144 88 2086 
592 5642 11 180 66 1340 88 2306 
593 5642 14 184 66 1415 88 2392 
594 5642 9 99 67 1247 88 2230 
595 5642 9 83 67 1215 88 2180 
596 5642 5 36 65 1041 87 2050 
597 5642 9 81 66 1185 88 2151 
598 5642 8 79 66 1168 88 2180 
599 5642 10 193 66 1344 88 2342 
600 5642 9 83 66 1181 88 2180 
601 5642 6 57 64 1126 88 2094 
602 5642 9 91 67 1243 88 2226 
603 5642 10 184 64 1287 88 2305 
604 5642 7 84 67 1215 88 2212 
605 5642 11 145 67 1299 88 2264 
606 5642 8 78 66 1182 87 2132 
607 5642 11 121 66 1279 88 2233 
608 5642 10 97 67 1246 88 2225 
609 5642 5 57 65 1101 88 2114 
610 5642 12 195 69 1388 88 2350 
611 5642 12 174 65 1381 88 2384 
612 5642 11 133 66 1317 88 2299 
613 5642 6 69 65 1165 88 2132 
614 5643 12 208 68 1332 88 2315 
615 5643 14 256 68 1395 88 2368 
616 5643 24 309 70 1436 88 2404 
617 5643 19 340 67 1338 88 2324 
618 5643 19 292 68 1333 88 2310 
619 5643 18 246 70 1385 88 2334 
620 5643 11 160 67 1322 88 2333 
621 5643 19 319 67 1348 88 2354 
622 5643 12 219 70 1326 88 2290 
623 5643 20 307 70 1397 88 2342 
624 5643 19 350 67 1358 88 2324 
625 5643 19 310 68 1361 88 2328 
626 5643 19 285 70 1423 88 2363 
627 5643 23 330 69 1412 88 2380 
628 5643 18 232 70 1355 88 2328 
629 5643 17 300 68 1411 88 2363 
630 5643 14 199 70 1330 88 2298 
631 5643 25 344 70 1445 88 2394 
632 5643 13 239 70 1379 88 2322 
633 5643 19 280 70 1455 88 2402 
634 5643 7 150 67 1266 88 2272 
635 5643 22 264 68 1383 88 2354 
636 5643 12 218 68 1329 88 2298 
637 5643 13 237 68 1286 88 2274 
638 5643 17 229 70 1360 88 2316 
639 5643 12 216 68 1321 88 2304 
640 5643 20 306 70 1397 88 2344 
641 5643 13 199 67 1328 88 2332 
642 5643 12 214 70 1302 88 2288 
643 5643 19 361 68 1382 88 2338 
644 5644 19 191 66 1263 88 2243 
645 5644 22 330 68 1376 88 2348 
646 5644 13 108 65 1057 88 2234 
647 5644 14 163 65 1195 88 2189 
648 5644 17 264 67 1413 88 2311 
649 5644 22 334 66 1374 88 2311 
650 5644 21 310 65 1345 88 2300 
651 5644 20 246 66 1328 88 2277 
652 5644 18 197 67 1287 88 2259 
653 5644 13 158 67 1331 88 2310 
654 5644 14 263 67 1262 88 2281 
655 5644 13 152 67 1317 88 2298 
656 5644 19 326 67 1382 88 2311 
657 5644 13 197 67 1305 88 2318 
658 5644 17 143 65 1243 86 2203 
659 5644 12 119 65 1242 88 2220 
660 5644 14 193 67 1314 88 2326 
661 5644 6 51 65 1164 88 2172 
662 5644 0 0 0 0 88 2185 
663 5644 8 148 67 1331 88 2326 
664 5644 22 357 68 1405 88 2326 
665 5644 17 276 67 1445 88 2316 
666 5644 19 233 65 1337 88 2281 
667 5644 20 293 66 1428 88 2346 
668 5644 13 135 65 1173 88 2241 
669 5644 21 313 67 1362 88 2304 
670 5644 19 190 66 1251 88 2237 
671 5644 14 118 65 1137 88 2201 
672 5644 11 154 67 1344 88 2288 
673 5644 14 199 65 1302 88 2206 
674 5645 18 179 71 1211 88 2206 
675 5645 18 232 68 1293 88 2291 
676 5645 11 82 70 1092 88 2164 
677 5645 15 189 70 1257 88 2248 
678 5645 12 215 70 1251 88 2260 
679 5645 12 218 70 1312 88 2290 
680 5645 13 167 69 1151 88 2166 
681 5645 18 178 70 1189 88 2196 
682 5645 23 262 70 1233 88 2216 
683 5645 17 172 67 1200 88 2198 
684 5645 16 208 69 1282 88 2258 
685 5645 17 221 70 1278 88 2264 
686 5645 19 192 68 1209 88 2219 
687 5645 17 220 70 1285 88 2271 
688 5645 16 157 71 1205 88 2220 
689 5645 9 100 68 1109 88 2120 
690 5645 16 198 68 1169 88 2191 
691 5645 9 83 66 1121 88 2230 
692 5645 13 239 68 1299 88 2282 
693 5645 17 231 68 1272 88 2268 
694 5645 13 119 67 1170 88 2186 
695 5645 14 120 71 1142 88 2162 
696 5645 17 169 70 1204 88 2222 
697 5645 11 184 67 1230 88 2260 
698 5645 13 181 69 1280 88 2280 
699 5645 12 211 69 1266 88 2265 
700 5645 14 191 70 1297 88 2292 
701 5645 13 242 69 1290 88 2284 
702 5645 19 185 70 1159 88 2174 
703 5645 19 180 68 1143 88 2180 
704 5646 9 110 65 1107 88 2144 
705 5646 10 132 67 1093 88 2105 
706 5646 10 176 67 1272 88 2288 
707 5646 8 88 66 1068 88 2100 
708 5646 12 200 69 1217 88 2204 
709 5646 12 191 69 1210 88 2190 
710 5646 10 165 67 1258 88 2290 
711 5646 0 0 0 0 88 2248 
712 5646 0 0 0 0 88 2256 
713 5646 11 189 67 1152 88 2207 
714 5646 10 157 65 1227 88 2267 
715 5646 11 197 69 1229 88 2217 
716 5646 8 120 66 1134 88 2176 
717 5646 11 199 68 1220 88 2207 
718 5646 10 134 69 1118 88 2114 
719 5646 9 110 64 1135 88 2141 
720 5646 8 135 64 1119 88 2213 
721 5646 9 116 69 1162 88 2169 
722 5646 9 119 70 1166 88 2170 
723 5646 10 178 66 1269 88 2291 
724 5646 8 139 67 1165 88 2214 
725 5646 13 179 70 1190 88 2191 
726 5646 8 133 66 1095 88 2200 
727 5646 10 156 68 1154 88 2157 
728 5646 8 122 67 1150 88 2176 
729 5646 11 199 67 1223 88 2224 
730 5646 11 227 67 1221 88 2208 
731 5646 10 140 69 1140 88 2131 
732 5646 13 169 69 1172 88 2178 
733 5646 12 173 70 1200 88 2182 
734 5647 9 92 68 1065 88 2098 
735 5647 9 80 67 1025 88 2072 
736 5647 9 106 67 1115 88 2144 
737 5647 9 94 69 1085 88 2107 
738 5647 0 0 0 0 88 2255 
739 5651 9 121 63 1309 88 2197 
740 5651 23 392 65 1465 88 2324 
741 5651 0 0 0 0 88 2012 
742 5651 4 16 61 974 88 2042 
743 5651 0 0 0 0 88 2092 
744 5651 21 314 65 1465 88 2362 
745 5651 17 334 65 1429 88 2346 
746 5651 17 219 65 1402 88 2253 
747 5651 1 9 56 843 88 1905 
748 5651 9 65 61 1022 88 2105 
749 5651 9 65 60 1023 88 2107 
750 5651 16 228 64 1421 88 2280 
751 5651 0 0 0 0 88 2094 
752 5651 0 0 0 0 88 2060 
753 5651 1 1 59 882 88 1986 
754 5651 12 84 59 1063 88 2117 
755 5651 17 196 63 1320 88 2202 
756 5651 15 214 63 1359 88 2268 
757 5651 16 233 65 1419 88 2286 
758 5651 16 231 63 1403 88 2258 
759 5651 1 19 54 808 88 1864 
760 5651 16 233 63 1369 88 2298 
761 5651 1 1 58 866 88 1975 
762 5651 16 231 63 1423 88 2352 
763 5651 15 212 63 1363 88 2269 
764 5651 1 1 54 666 86 1705 
765 5651 1 1 57 820 88 1908 
766 5651 16 233 65 1421 88 2351 
767 5651 16 211 63 1384 88 2280 
768 5651 6 60 58 1026 88 2165 
769 5652 12 168 64 1283 88 2268 
770 5652 16 217 63 1340 88 2285 
771 5652 25 335 61 1174 88 2132 
772 5652 9 130 63 1265 88 2260 
773 5652 9 118 63 1256 88 2219 
774 5652 13 184 62 1240 88 2192 
775 5652 12 106 62 1199 88 2146 
776 5652 13 207 63 1297 88 2234 
777 5652 24 298 64 1353 88 2276 
778 5652 15 212 63 1380 88 2305 
779 5652 10 120 63 1282 88 2206 
780 5652 17 214 63 1342 88 2265 
781 5652 14 163 63 1287 88 2210 
782 5652 12 188 66 1271 88 2178 
783 5652 9 118 62 1241 88 2193 
784 5652 9 119 63 1267 88 2187 
785 5652 16 213 63 1346 88 2267 
786 5652 24 295 65 1394 88 2282 
787 5652 12 93 59 1109 88 2211 
788 5652 6 50 57 1090 88 2209 
789 5652 14 214 63 1349 88 2272 
790 5652 13 202 62 1283 88 2214 
791 5652 14 205 63 1310 88 2236 
792 5652 12 160 64 1291 88 2182 
793 5652 13 193 65 1297 88 2216 
794 5652 12 193 65 1288 88 2187 
795 5652 14 198 63 1309 88 2272 
796 5652 14 209 63 1330 88 2267 
797 5652 15 186 63 1290 88 2184 
798 5652 13 209 63 1313 88 2278 
799 5653 15 209 66 1292 88 2240 
800 5653 19 297 66 1464 88 2308 
801 5653 20 199 63 1198 88 2204 
802 5653 22 333 65 1380 88 2311 
803 5653 13 136 60 1150 88 2198 
804 5653 18 278 66 1375 88 2264 
805 5653 24 327 65 1328 88 2282 
806 5653 23 334 66 1395 88 2292 
807 5653 17 277 66 1360 88 2257 
808 5653 25 335 59 1190 88 2219 
809 5653 13 219 66 1324 88 2240 
810 5653 12 205 65 1304 88 2222 
811 5653 21 296 65 1354 88 2271 
812 5653 23 333 60 1210 88 2234 
813 5653 20 163 62 1189 88 2194 
814 5653 21 248 65 1245 88 2196 
815 5653 20 280 65 1317 88 2247 
816 5653 16 217 66 1309 88 2237 
817 5653 22 217 62 1184 88 2173 
818 5653 11 88 63 1178 88 2102 
819 5653 20 306 65 1343 88 2259 
820 5653 18 241 65 1257 88 2207 
821 5653 14 181 65 1222 88 2195 
822 5653 23 351 66 1400 88 2308 
823 5653 16 168 62 1227 88 2253 
824 5653 22 258 65 1257 88 2208 
825 5653 21 341 65 1342 88 2289 
826 5653 21 280 65 1291 88 2257 
827 5653 13 137 65 1260 88 2192 
828 5653 22 333 66 1403 88 2292 
829 5654 14 187 65 1288 88 2231 
830 5654 21 290 65 1323 88 2263 
831 5654 16 242 65 1324 88 2184 
832 5654 22 295 65 1343 88 2239 
833 5654 26 371 66 1389 88 2275 
834 5654 20 296 66 1382 88 2224 
835 5654 15 237 65 1321 88 2186 
836 5654 26 397 64 1376 88 2272 
837 5654 18 246 64 1347 88 2246 
838 5654 21 334 66 1398 88 2253 
839 5654 21 315 65 1388 88 2248 
840 5654 21 307 66 1406 88 2239 
841 5654 19 374 66 1477 88 2330 
842 5654 19 280 65 1344 88 2194 
843 5654 26 408 66 1392 88 2265 
844 5654 20 293 65 1367 88 2235 
845 5654 17 256 65 1345 88 2200 
846 5654 23 358 66 1395 88 2292 
847 5654 19 292 64 1383 88 2218 
848 5654 18 338 66 1455 87 2278 
849 5654 17 249 65 1342 88 2205 
850 5654 19 316 65 1404 88 2262 
851 5654 21 291 65 1362 88 2220 
852 5654 18 277 65 1362 88 2201 
853 5654 16 228 65 1266 88 2235 
854 5654 20 286 65 1351 88 2213 
855 5654 20 333 66 1421 88 2280 
856 5654 22 379 65 1448 88 2332 
857 5654 20 286 64 1286 88 2265 
858 5654 21 306 65 1374 88 2228 
859 5655 16 170 64 1193 88 2161 
860 5655 4 20 58 957 88 2172 
861 5655 14 136 63 1168 88 2137 
862 5655 4 29 59 975 88 2143 
863 5655 14 141 62 1164 88 2157 
864 5655 4 28 59 998 87 2170 
865 5655 10 82 59 1102 88 2097 
866 5655 16 118 59 1110 88 2150 
867 5655 21 293 65 1273 88 2253 
868 5655 10 83 59 1097 88 2099 
869 5655 7 75 60 1049 88 2062 
870 5655 17 209 65 1199 88 2185 
871 5655 13 135 64 1167 86 2149 
872 5655 19 219 64 1182 88 2182 
873 5655 20 257 65 1196 88 2179 
874 5655 7 47 59 1072 88 2074 
875 5655 11 102 60 1086 88 2076 
876 5655 17 216 64 1240 88 2196 
877 5655 0 0 0 0 88 2136 
878 5655 16 124 59 1123 88 2159 
879 5655 4 17 59 925 88 2155 
880 5655 11 136 61 1203 88 2183 
881 5655 13 135 64 1164 88 2171 
882 5655 0 0 0 0 86 2140 
883 5655 11 125 63 1205 88 2177 
884 5655 14 148 61 1179 88 2212 
885 5655 4 19 58 930 88 2163 
886 5655 11 119 59 1162 88 2188 
887 5655 9 100 60 1116 88 2086 
888 5655 18 182 62 1181 88 2173 
889 5656 4 14 55 835 86 2116 
890 5656 11 31 52 816 86 2131 
891 5656 4 14 54 830 86 2092 
892 5656 4 14 58 851 88 2156 
893 5656 22 382 62 1072 88 2033 
894 5656 4 14 51 806 88 2140 
895 5656 4 14 54 825 86 2117 
896 5656 11 76 54 837 88 2168 
897 5656 11 31 50 819 85 2079 
898 5656 0 0 52 815 88 2154 
899 5656 12 81 59 894 88 2184 
900 5656 11 31 52 816 86 2127 
901 5656 11 31 54 843 86 2119 
902 5656 0 0 0 0 86 2016 
903 5656 4 14 53 855 88 2147 
904 5656 4 14 58 867 88 2162 
905 5656 4 14 53 845 86 2126 
906 5656 11 76 52 781 88 2136 
907 5656 4 14 51 779 88 2148 
908 5656 3 13 59 885 88 2152 
909 5656 11 31 51 809 86 2129 
910 5656 4 14 53 807 86 2092 
911 5657 11 147 56 886 88 2052 
912 5657 6 56 56 787 88 1996 
913 5657 4 80 56 969 88 1920 
914 5657 10 128 50 698 88 1944 
915 5657 11 126 59 1164 88 2176 
916 5657 0 0 48 540 85 1677 
917 5657 8 104 63 1155 88 2110 
918 5657 8 52 53 720 86 1843 
919 5658 8 81 54 909 88 1960 
920 5658 4 66 54 763 85 1751 
921 5658 4 79 56 946 86 1854 
922 5658 4 62 55 774 85 1751 
923 5658 4 66 55 832 86 1833 
924 5658 4 94 55 987 88 1904 
925 5658 13 139 58 1200 88 2180 
926 5658 11 98 54 1026 88 2084 
927 5658 4 82 56 933 86 1856 
928 5658 7 69 56 1002 88 1996 
929 5658 4 90 57 973 88 1915 
930 5658 5 83 56 1054 88 1990 
931 5658 4 86 56 983 88 1908 
932 5658 4 54 55 765 86 1808 
933 5658 3 58 54 828 86 1836 
934 5658 10 84 56 1040 88 2047 
935 5658 4 90 55 955 88 1923 
936 5658 7 73 55 1008 88 1998 
937 5658 10 86 54 852 88 1896 
938 5658 4 46 54 832 86 1790 
939 5658 10 94 52 873 88 1939 
940 5658 4 65 57 896 86 1842 
941 5658 4 72 56 864 84 1751 
942 5658 6 53 56 978 88 1998 
943 5658 9 94 55 935 88 1979 
944 5658 4 75 56 917 86 1835 
945 5658 7 82 56 1040 88 1996 
946 5658 14 146 54 886 88 1986 
947 5658 12 132 55 791 86 1872 
948 5658 10 98 55 1025 88 2056 
