0 5611 23 361 68 1496 89 2399 
1 5611 21 388 68 1569 89 2123 
2 5611 25 432 68 1528 89 2417 
3 5611 22 309 66 1489 89 2204 
4 5611 23 382 68 1475 89 2407 
5 5611 25 426 69 1512 89 2358 
6 5611 24 392 66 1580 89 2219 
7 5611 22 443 67 1558 89 2347 
8 5611 21 411 69 1584 89 2182 
9 5611 24 420 68 1499 89 2418 
10 5611 25 442 68 1546 89 2315 
11 5611 22 382 69 1544 89 2220 
12 5611 21 385 66 1584 89 2369 
13 5611 23 385 67 1469 89 2423 
14 5611 24 416 68 1505 89 2394 
15 5611 21 385 69 1549 89 2210 
16 5611 23 434 68 1520 89 2269 
17 5611 22 322 66 1489 89 2191 
18 5611 22 379 70 1554 89 2163 
19 5611 22 425 65 1590 89 2259 
20 5611 21 389 66 1547 89 2181 
21 5611 24 413 68 1505 89 2393 
22 5611 24 426 70 1537 89 2355 
23 5611 22 346 65 1525 89 2207 
24 5611 25 416 69 1523 89 2373 
25 5611 21 359 68 1534 89 2149 
26 5611 21 323 70 1519 89 2294 
27 5611 26 378 70 1489 89 2385 
28 5611 25 442 67 1549 89 2316 
29 5611 24 432 70 1526 89 2334 
30 5612 21 338 65 1502 89 2417 
31 5612 22 393 65 1541 89 2303 
32 5612 23 374 65 1522 89 2406 
33 5612 27 419 65 1580 89 2400 
34 5612 29 441 65 1597 89 2408 
35 5612 16 218 65 1447 89 2345 
36 5612 21 366 65 1491 89 2317 
37 5612 26 413 65 1526 89 2395 
38 5612 25 372 65 1549 89 2443 
39 5612 24 319 65 1511 89 2433 
40 5612 29 406 65 1525 89 2365 
41 5612 22 359 65 1511 89 2374 
42 5612 27 419 66 1582 89 2402 
43 5612 25 358 65 1536 89 2436 
44 5612 23 430 64 1498 89 2307 
45 5612 17 292 64 1448 89 2323 
46 5612 17 211 67 1436 89 2382 
47 5612 22 362 65 1559 89 2389 
48 5612 22 367 65 1522 88 2394 
49 5612 26 368 65 1539 89 2393 
50 5612 24 368 65 1506 89 2355 
51 5612 24 354 65 1526 89 2437 
52 5612 13 169 66 1345 89 2414 
53 5612 25 406 65 1524 89 2406 
54 5612 27 383 65 1534 89 2392 
55 5612 26 413 65 1532 89 2398 
56 5612 27 412 65 1586 89 2393 
57 5612 25 372 65 1543 89 2439 
58 5612 25 444 66 1540 89 2295 
59 5612 21 345 65 1509 89 2368 
60 5613 17 259 65 1444 89 2339 
61 5613 13 193 67 1396 89 2371 
62 5613 13 195 67 1396 89 2365 
63 5613 13 211 70 1426 89 2427 
64 5613 14 206 67 1403 89 2365 
65 5613 22 300 68 1481 89 2343 
66 5613 14 203 66 1400 89 2446 
67 5613 16 218 67 1407 89 2353 
68 5613 15 199 65 1364 89 2345 
69 5613 17 231 69 1414 89 2327 
70 5613 18 245 69 1456 89 2302 
71 5613 13 195 69 1377 89 2411 
72 5613 16 199 67 1412 89 2394 
73 5613 13 197 68 1386 89 2354 
74 5613 14 192 66 1401 89 2428 
75 5613 14 195 67 1405 89 2435 
76 5613 14 215 66 1397 89 2461 
77 5613 22 309 68 1452 89 2371 
78 5613 15 207 66 1407 89 2408 
79 5613 22 343 69 1426 89 2367 
80 5613 15 239 67 1427 89 2293 
81 5613 15 200 66 1391 89 2377 
82 5613 13 187 67 1403 89 2404 
83 5613 15 196 66 1394 89 2403 
84 5613 15 194 67 1396 89 2417 
85 5613 17 239 70 1442 89 2301 
86 5613 19 271 67 1402 89 2353 
87 5613 20 282 70 1444 89 2379 
88 5613 15 196 67 1387 88 2304 
89 5613 16 220 66 1413 88 2332 
90 5614 29 493 68 1477 89 2460 
91 5614 29 493 68 1465 89 2458 
92 5614 21 369 68 1439 89 2439 
93 5614 23 387 68 1453 89 2423 
94 5614 19 333 68 1468 89 2410 
95 5614 23 418 68 1445 89 2425 
96 5614 21 361 68 1430 89 2399 
97 5614 25 395 68 1432 89 2395 
98 5614 24 396 68 1456 89 2376 
99 5614 22 392 68 1401 89 2413 
100 5614 29 487 68 1454 89 2462 
101 5614 19 351 67 1415 89 2465 
102 5614 19 353 68 1439 89 2471 
103 5614 17 331 68 1490 89 2433 
104 5614 29 493 67 1475 88 2432 
105 5614 19 322 68 1490 89 2408 
106 5614 20 320 68 1398 89 2338 
107 5614 19 359 68 1480 89 2436 
108 5614 18 335 70 1435 89 2471 
109 5614 21 371 70 1437 89 2434 
110 5614 26 425 68 1442 88 2354 
111 5614 29 498 68 1465 89 2458 
112 5614 27 402 68 1457 89 2402 
113 5614 17 333 68 1486 89 2426 
114 5614 19 362 68 1445 89 2437 
115 5614 19 350 68 1458 89 2437 
116 5614 24 458 68 1444 89 2467 
117 5614 25 382 68 1443 89 2389 
118 5614 22 360 68 1471 89 2385 
119 5614 19 356 68 1454 89 2420 
120 5615 27 526 68 1560 89 2339 
121 5615 19 319 68 1497 89 2415 
122 5615 23 378 68 1482 89 2381 
123 5615 21 387 65 1520 89 2445 
124 5615 15 277 66 1476 89 2460 
125 5615 24 348 66 1514 89 2350 
126 5615 26 459 68 1527 89 2310 
127 5615 20 302 67 1489 89 2345 
128 5615 23 339 66 1509 89 2356 
129 5615 20 389 66 1509 89 2442 
130 5615 25 414 68 1513 89 2338 
131 5615 15 267 66 1468 89 2349 
132 5615 25 383 69 1513 89 2349 
133 5615 23 405 68 1430 89 2423 
134 5615 19 384 66 1504 89 2444 
135 5615 22 401 66 1521 89 2403 
136 5615 25 415 68 1523 89 2308 
137 5615 25 412 68 1517 89 2352 
138 5615 25 388 68 1521 89 2343 
139 5615 17 323 68 1476 89 2412 
140 5615 21 383 66 1486 89 2421 
141 5615 23 378 68 1528 89 2372 
142 5615 25 411 68 1526 89 2345 
143 5615 23 389 66 1520 89 2389 
144 5615 26 471 68 1521 89 2316 
145 5615 23 444 66 1529 89 2373 
146 5615 26 482 68 1541 89 2331 
147 5615 22 430 66 1516 89 2402 
148 5615 22 397 68 1512 89 2374 
149 5615 25 428 68 1551 89 2345 
150 5616 18 302 66 1419 89 2367 
151 5616 19 318 64 1455 89 2369 
152 5616 25 513 64 1441 89 2347 
153 5616 23 473 66 1469 89 2297 
154 5616 21 328 67 1432 89 2358 
155 5616 26 439 67 1537 89 2345 
156 5616 23 477 66 1475 89 2303 
157 5616 23 549 65 1512 89 2355 
158 5616 23 451 65 1555 89 2239 
159 5616 23 426 66 1535 89 2201 
160 5616 23 317 67 1468 89 2438 
161 5616 19 316 67 1446 89 2371 
162 5616 25 516 66 1463 89 2373 
163 5616 21 381 69 1519 89 2294 
164 5616 20 412 67 1499 89 2294 
165 5616 21 369 65 1457 89 2431 
166 5616 20 336 69 1494 89 2321 
167 5616 20 350 68 1502 87 2255 
168 5616 22 393 65 1427 89 2379 
169 5616 23 452 68 1562 89 2298 
170 5616 25 546 66 1471 89 2348 
171 5616 23 497 65 1496 89 2310 
172 5616 19 315 68 1443 89 2370 
173 5616 23 394 66 1520 89 2406 
174 5616 23 405 67 1505 89 2259 
175 5616 22 448 66 1454 89 2352 
176 5616 23 315 67 1457 89 2431 
177 5616 23 505 65 1499 89 2327 
178 5616 18 278 67 1426 89 2369 
179 5616 19 302 67 1444 89 2346 
180 5617 25 367 64 1449 89 2400 
181 5617 22 358 65 1429 89 2291 
182 5617 25 495 65 1494 89 2401 
183 5617 22 305 65 1467 89 2398 
184 5617 21 395 65 1452 89 2355 
185 5617 22 364 65 1428 89 2295 
186 5617 25 495 65 1473 89 2367 
187 5617 21 344 65 1443 89 2301 
188 5617 21 332 65 1430 89 2297 
189 5617 25 514 65 1474 89 2367 
190 5617 23 487 62 1463 89 2336 
191 5617 25 545 65 1489 89 2338 
192 5617 21 390 65 1477 89 2387 
193 5617 22 334 65 1409 89 2327 
194 5621 17 267 65 1486 89 2394 
195 5621 17 277 65 1497 89 2431 
196 5621 17 267 65 1487 89 2402 
197 5621 21 322 65 1495 89 2425 
198 5621 21 332 63 1467 89 2408 
199 5621 17 263 65 1489 89 2408 
200 5621 21 330 65 1502 89 2454 
201 5621 18 252 64 1457 89 2375 
202 5621 17 189 65 1405 89 2320 
203 5621 17 215 65 1425 89 2361 
204 5621 18 230 65 1436 89 2401 
205 5621 21 354 65 1518 89 2461 
206 5621 17 266 65 1478 89 2414 
207 5621 18 216 65 1429 89 2384 
208 5621 18 236 65 1448 89 2369 
209 5621 18 226 65 1435 89 2347 
210 5621 18 246 65 1471 89 2376 
211 5621 17 169 63 1382 89 2307 
212 5621 17 257 64 1442 89 2411 
213 5621 17 211 65 1435 89 2343 
214 5621 18 262 65 1484 89 2399 
215 5621 17 191 65 1406 89 2348 
216 5621 18 224 65 1438 89 2357 
217 5621 18 254 65 1476 89 2399 
218 5621 16 192 65 1422 89 2365 
219 5621 17 197 65 1418 89 2326 
220 5621 17 179 64 1378 89 2346 
221 5621 17 269 65 1477 89 2421 
222 5621 17 273 64 1471 89 2437 
223 5621 21 341 65 1516 89 2458 
224 5622 21 305 63 1385 89 2340 
225 5622 16 279 65 1407 89 2281 
226 5622 21 356 65 1535 89 2453 
227 5622 26 384 65 1479 89 2392 
228 5622 24 294 65 1457 89 2342 
229 5622 16 277 65 1409 89 2284 
230 5622 23 294 65 1432 89 2307 
231 5622 17 255 65 1465 89 2406 
232 5622 23 287 65 1442 89 2311 
233 5622 24 381 65 1502 89 2413 
234 5622 16 275 65 1402 89 2283 
235 5622 18 242 65 1448 89 2406 
236 5622 17 269 65 1396 89 2289 
237 5622 21 323 65 1392 89 2314 
238 5622 19 281 65 1381 89 2270 
239 5622 17 210 65 1428 89 2397 
240 5622 16 270 65 1484 89 2373 
241 5622 16 264 65 1483 89 2378 
242 5622 18 236 65 1451 89 2377 
243 5622 17 283 65 1487 89 2451 
244 5622 21 343 65 1377 89 2333 
245 5622 24 375 65 1497 89 2419 
246 5622 22 356 65 1529 89 2447 
247 5622 16 274 65 1486 89 2385 
248 5622 26 363 65 1472 89 2372 
249 5622 16 234 65 1441 89 2355 
250 5622 16 271 65 1410 89 2295 
251 5622 18 250 65 1434 89 2319 
252 5622 17 213 65 1422 89 2365 
253 5622 17 273 65 1490 89 2404 
254 5623 33 413 65 1446 88 2326 
255 5623 18 282 65 1504 89 2435 
256 5623 24 366 65 1502 89 2424 
257 5623 25 377 65 1514 89 2433 
258 5623 16 236 65 1325 89 2255 
259 5623 25 322 65 1402 89 2319 
260 5623 17 245 65 1414 89 2375 
261 5623 26 376 65 1489 89 2399 
262 5623 27 368 65 1455 89 2360 
263 5623 18 272 65 1506 89 2461 
264 5623 25 327 64 1401 89 2305 
265 5623 27 383 65 1493 89 2399 
266 5623 26 368 65 1421 88 2320 
267 5623 26 332 65 1420 89 2353 
268 5623 25 402 65 1508 89 2431 
269 5623 21 375 65 1536 89 2453 
270 5623 24 317 65 1504 89 2427 
271 5623 23 274 65 1378 89 2319 
272 5623 25 328 65 1530 89 2457 
273 5623 18 311 65 1341 89 2278 
274 5623 17 265 64 1360 89 2346 
275 5623 24 341 65 1536 89 2450 
276 5623 25 343 65 1416 89 2343 
277 5623 31 405 65 1457 89 2368 
278 5623 26 372 65 1445 89 2315 
279 5623 26 355 65 1438 89 2313 
280 5623 18 278 65 1393 89 2303 
281 5623 24 330 65 1411 89 2309 
282 5623 19 333 65 1373 89 2305 
283 5623 20 264 65 1455 89 2397 
284 5624 23 358 62 1226 89 2169 
285 5624 15 261 61 1206 89 2172 
286 5624 22 283 63 1296 89 2249 
287 5624 22 368 62 1303 89 2274 
288 5624 21 310 63 1332 88 2282 
289 5624 24 430 63 1320 89 2246 
290 5624 21 270 63 1244 89 2287 
291 5624 18 279 61 1201 89 2165 
292 5624 23 366 62 1226 89 2183 
293 5624 21 332 62 1233 89 2203 
294 5624 22 333 63 1280 89 2229 
295 5624 21 347 63 1317 89 2268 
296 5624 17 266 61 1256 89 2219 
297 5624 21 342 61 1292 89 2232 
298 5624 15 173 60 1208 89 2283 
299 5624 20 282 61 1242 89 2225 
300 5624 22 311 63 1323 89 2285 
301 5624 24 395 63 1309 89 2268 
302 5624 18 206 63 1298 89 2323 
303 5624 19 286 60 1188 89 2164 
304 5624 11 163 59 1147 89 2191 
305 5624 23 366 62 1257 89 2195 
306 5624 23 303 63 1400 89 2367 
307 5624 16 259 61 1248 89 2207 
308 5624 19 266 61 1214 89 2169 
309 5624 20 274 63 1243 89 2253 
310 5624 21 357 63 1303 89 2239 
311 5624 21 363 63 1322 89 2261 
312 5624 21 319 63 1235 89 2188 
313 5624 17 274 63 1281 89 2241 
314 5625 21 385 65 1321 89 2283 
315 5625 13 226 60 1167 89 2157 
316 5625 13 256 60 1178 89 2241 
317 5625 13 284 60 1206 88 2202 
318 5625 19 338 65 1392 89 2327 
319 5625 12 216 60 1162 89 2170 
320 5625 21 365 65 1302 89 2244 
321 5625 20 338 60 1217 89 2169 
322 5625 13 220 60 1160 89 2153 
323 5625 19 372 60 1258 89 2243 
324 5625 15 239 60 1118 89 2144 
325 5625 16 255 60 1225 89 2227 
326 5625 22 354 62 1259 89 2211 
327 5625 21 355 64 1373 89 2337 
328 5625 19 327 65 1310 89 2304 
329 5625 13 241 60 1142 89 2164 
330 5625 21 350 65 1399 89 2336 
331 5625 16 245 60 1214 89 2214 
332 5625 18 300 60 1258 89 2255 
333 5625 11 161 58 1044 89 2061 
334 5625 18 334 59 1197 89 2165 
335 5625 12 270 60 1167 89 2239 
336 5625 20 366 60 1276 89 2241 
337 5625 13 304 60 1217 89 2232 
338 5625 22 370 61 1247 89 2209 
339 5625 14 196 60 1143 89 2156 
340 5625 18 308 62 1276 89 2267 
341 5625 15 220 60 1182 89 2197 
342 5625 19 349 60 1209 89 2183 
343 5625 13 215 60 1141 89 2145 
344 5626 13 179 60 1101 89 2225 
345 5626 15 162 62 1293 89 2309 
346 5626 2 14 56 872 89 1999 
347 5626 1 13 56 881 89 2032 
348 5626 4 26 57 959 89 2085 
349 5626 13 151 57 969 89 2096 
350 5626 4 26 55 949 89 2101 
351 5626 12 151 59 1063 89 2174 
352 5626 23 281 63 1396 89 2363 
353 5626 1 1 55 720 89 1881 
354 5626 15 161 60 1046 89 2156 
355 5626 14 150 59 990 88 2109 
356 5626 17 202 60 1140 89 2234 
357 5626 17 109 62 1199 89 2201 
358 5626 1 7 55 772 89 2003 
359 5626 12 143 58 999 89 2111 
360 5626 16 167 63 1389 89 2287 
361 5626 1 2 54 725 89 1929 
362 5626 17 201 59 1075 89 2189 
363 5626 15 157 59 1030 89 2139 
364 5626 17 107 62 1208 89 2185 
365 5626 16 127 63 1290 89 2248 
366 5626 16 194 59 1061 89 2179 
367 5626 12 147 58 977 89 2103 
368 5626 10 75 57 936 89 2133 
369 5626 16 173 63 1391 89 2277 
370 5626 8 74 56 861 89 2066 
371 5626 1 9 56 835 89 1960 
372 5626 1 7 57 819 89 1961 
373 5626 14 152 59 991 89 2141 
374 5627 13 94 56 949 89 2167 
375 5627 9 93 60 1158 89 2260 
376 5627 6 60 52 834 89 1980 
377 5627 14 183 55 979 89 2055 
378 5627 10 166 49 859 89 1938 
379 5627 10 167 51 868 89 1951 
380 5627 10 93 55 901 89 2109 
381 5627 12 181 55 986 89 2081 
382 5627 14 135 51 878 89 1955 
383 5627 7 86 56 991 89 2116 
384 5627 10 84 56 911 89 2061 
385 5627 6 68 53 858 89 2012 
386 5627 9 78 49 760 89 1909 
387 5627 10 168 50 868 89 1947 
388 5627 14 176 52 938 89 2015 
389 5627 7 78 56 989 89 2120 
390 5627 6 76 55 946 89 2062 
391 5627 9 116 55 919 89 1993 
392 5627 14 169 52 913 89 1995 
393 5627 13 92 56 958 89 2167 
394 5627 5 44 52 800 89 1981 
395 5627 6 74 53 908 89 2027 
396 5627 7 59 56 885 89 2051 
397 5627 6 84 54 920 89 1977 
398 5627 8 66 50 814 89 1919 
399 5627 10 131 56 906 89 2093 
400 5627 5 42 51 773 89 1914 
401 5627 13 152 57 1021 89 2099 
402 5627 10 158 50 847 89 1927 
403 5627 8 63 48 798 89 1890 
404 5628 18 277 60 1104 89 2141 
405 5628 15 304 60 1186 88 2200 
406 5628 13 308 59 1193 89 2204 
407 5628 15 317 60 1221 89 2265 
408 5628 15 265 59 1096 89 2153 
409 5628 18 300 59 1153 89 2221 
410 5628 16 333 60 1167 89 2175 
411 5628 18 313 60 1084 89 2099 
412 5628 18 315 57 1071 89 2101 
413 5628 12 228 59 1115 89 2230 
414 5628 17 246 59 1083 89 2120 
415 5628 18 316 59 1119 89 2114 
416 5628 15 279 60 1146 89 2208 
417 5628 15 202 56 1026 89 2163 
418 5628 18 319 59 1108 89 2108 
419 5628 16 311 60 1112 89 2128 
420 5628 15 285 59 1124 89 2203 
421 5628 15 299 60 1124 89 2183 
422 5628 12 247 59 1073 89 2147 
423 5628 15 285 60 1116 89 2159 
424 5628 13 261 58 1127 89 2235 
425 5628 12 190 55 1059 89 2167 
426 5628 18 305 59 1092 89 2096 
427 5628 18 311 58 1111 89 2121 
428 5628 16 304 60 1178 89 2177 
429 5628 18 325 60 1143 89 2160 
430 5628 18 306 59 1086 89 2107 
431 5628 18 318 59 1170 89 2149 
432 5628 15 283 60 1113 89 2175 
433 5628 13 257 58 1108 89 2165 
434 5629 14 168 54 955 89 2058 
435 5629 13 205 54 1023 89 2083 
436 5629 14 217 56 1017 89 2094 
437 5629 12 171 52 954 89 2025 
438 5629 11 178 52 932 89 2011 
439 5629 11 151 53 916 89 2019 
440 5629 13 201 54 1019 89 2094 
441 5629 7 97 50 845 89 1925 
442 5629 4 39 48 734 89 1829 
443 5629 14 208 51 974 89 2101 
444 5629 13 187 52 985 89 2057 
445 5629 10 153 50 900 89 2011 
446 5629 9 95 50 880 89 2009 
447 5629 12 193 54 994 89 2067 
448 5629 11 145 52 938 89 2019 
449 5629 8 106 50 865 89 1941 
450 5629 10 148 49 865 89 2009 
451 5629 8 105 51 887 89 2097 
452 5629 18 314 54 1027 89 2092 
453 5629 13 185 53 990 89 2051 
454 5629 11 166 52 931 89 2035 
455 5629 14 213 52 983 89 2114 
456 5629 7 95 50 850 89 2001 
457 5629 8 96 50 858 89 2025 
458 5629 15 220 51 942 89 2084 
459 5629 8 102 49 856 89 2072 
460 5629 14 222 56 1028 89 2115 
461 5629 11 158 53 940 89 2007 
462 5629 10 120 50 897 89 1965 
463 5629 14 227 55 1022 89 2115 
464 5631 12 204 66 1303 89 2283 
465 5631 17 177 68 1361 89 2367 
466 5631 4 62 63 1184 89 2315 
467 5631 17 229 68 1478 89 2484 
468 5631 19 258 64 1406 89 2391 
469 5631 20 273 65 1424 89 2397 
470 5631 21 284 65 1506 89 2483 
471 5631 19 245 65 1439 89 2436 
472 5631 13 182 67 1256 89 2271 
473 5631 5 82 64 1266 89 2391 
474 5631 6 100 67 1316 89 2431 
475 5631 18 198 67 1434 89 2477 
476 5631 14 169 67 1264 89 2254 
477 5631 15 212 65 1389 89 2413 
478 5631 17 237 65 1380 89 2348 
479 5631 15 250 64 1274 89 2324 
480 5631 4 79 64 1253 89 2382 
481 5631 4 41 62 1104 89 2251 
482 5631 19 242 64 1390 89 2385 
483 5631 18 192 65 1386 89 2391 
484 5631 17 206 65 1364 89 2335 
485 5631 12 212 66 1301 89 2277 
486 5631 16 159 67 1337 89 2355 
487 5631 16 203 65 1351 89 2343 
488 5631 16 228 65 1366 89 2337 
489 5631 16 260 65 1368 89 2403 
490 5631 20 269 64 1429 89 2419 
491 5631 16 151 65 1299 89 2307 
492 5631 16 223 62 1316 88 2297 
493 5631 15 180 68 1283 89 2264 
494 5632 8 138 62 1105 89 2173 
495 5632 18 197 59 1046 89 2143 
496 5632 17 159 57 998 89 2101 
497 5632 6 80 54 904 89 2055 
498 5632 10 111 52 927 89 2036 
499 5632 16 270 62 1193 89 2254 
500 5632 23 304 60 1158 89 2241 
501 5632 12 126 55 1013 89 2107 
502 5632 18 191 59 1038 89 2139 
503 5632 16 151 55 993 89 2091 
504 5632 9 112 50 869 89 2022 
505 5632 16 285 63 1221 89 2275 
506 5632 23 320 61 1168 89 2265 
507 5632 20 322 64 1269 89 2348 
508 5632 12 225 61 1105 89 2207 
509 5632 18 290 64 1211 89 2269 
510 5632 18 226 59 1106 89 2221 
511 5632 15 241 54 991 89 2101 
512 5632 14 136 57 1013 89 2111 
513 5632 10 126 53 941 89 2092 
514 5632 17 257 61 1152 89 2213 
515 5632 14 261 65 1270 89 2336 
516 5632 16 284 64 1199 89 2272 
517 5632 23 339 61 1191 89 2249 
518 5632 15 233 53 972 89 2088 
519 5632 11 133 53 947 89 2078 
520 5632 14 191 60 1102 89 2154 
521 5632 9 127 54 962 89 2063 
522 5632 16 275 64 1219 89 2269 
523 5632 15 233 54 963 89 2089 
524 5633 10 130 52 923 89 2133 
525 5633 5 63 51 851 89 2095 
526 5633 10 122 52 1004 89 2241 
527 5633 5 33 47 725 89 1975 
528 5633 1 13 47 648 89 1873 
529 5633 12 119 55 1004 89 2247 
530 5633 5 75 53 884 89 2123 
531 5633 9 125 52 928 89 2119 
532 5633 5 51 49 779 89 2065 
533 5633 5 49 50 792 89 2049 
534 5633 10 130 53 929 89 2111 
535 5633 9 101 52 955 89 2212 
536 5633 6 68 51 859 89 2048 
537 5633 9 123 53 912 89 2117 
538 5633 6 82 53 898 89 2097 
539 5633 9 121 51 888 89 2117 
540 5633 3 30 48 707 89 1905 
541 5633 5 30 47 728 89 1989 
542 5633 8 96 53 952 89 2187 
543 5633 6 70 51 871 89 2072 
544 5633 8 99 53 959 89 2195 
545 5633 3 32 48 719 89 1919 
546 5633 1 13 47 628 89 1863 
547 5633 9 123 53 909 89 2115 
548 5633 5 73 53 870 89 2117 
549 5633 1 11 46 645 89 1875 
550 5633 5 64 51 858 89 2099 
551 5633 6 68 52 864 89 2050 
552 5633 1 11 46 617 89 1822 
553 5633 9 99 52 962 89 2200 
554 5641 7 99 66 1249 89 2334 
555 5641 4 92 66 1230 89 2306 
556 5641 3 91 65 1229 89 2311 
557 5641 8 89 65 1176 89 2299 
558 5641 4 68 63 1099 89 2136 
559 5641 4 74 63 1122 89 2183 
560 5641 9 124 66 1255 89 2349 
561 5641 4 93 65 1220 89 2290 
562 5641 9 96 64 1186 89 2321 
563 5641 12 169 66 1354 89 2402 
564 5641 4 86 65 1205 89 2341 
565 5641 7 100 65 1225 89 2325 
566 5641 6 104 67 1294 89 2384 
567 5641 3 91 65 1197 89 2273 
568 5641 4 100 65 1248 89 2326 
569 5641 4 74 62 1095 89 2162 
570 5641 4 64 63 1074 89 2129 
571 5641 4 89 67 1209 89 2287 
572 5641 3 26 61 1015 89 2052 
573 5641 4 70 62 1095 89 2161 
574 5641 4 76 63 1114 89 2161 
575 5641 7 121 65 1282 89 2396 
576 5641 5 53 64 1098 88 2090 
577 5641 4 70 62 1116 89 2175 
578 5641 4 76 63 1136 89 2191 
579 5641 9 102 64 1216 89 2325 
580 5641 3 93 66 1222 89 2317 
581 5641 3 87 64 1178 89 2301 
582 5641 4 76 62 1113 89 2200 
583 5641 3 91 64 1188 89 2257 
584 5642 7 75 67 1190 89 2215 
585 5642 5 59 62 1081 89 2174 
586 5642 13 219 70 1421 89 2445 
587 5642 6 48 63 1101 89 2121 
588 5642 5 43 63 1079 89 2098 
589 5642 11 197 66 1347 89 2397 
590 5642 13 193 66 1356 89 2409 
591 5642 6 58 65 1144 89 2145 
592 5642 11 180 66 1340 89 2377 
593 5642 14 184 66 1415 89 2463 
594 5642 9 99 67 1247 89 2295 
595 5642 9 83 67 1215 89 2245 
596 5642 5 36 65 1041 88 2109 
597 5642 9 81 66 1185 89 2217 
598 5642 8 79 66 1168 89 2245 
599 5642 10 193 66 1344 89 2413 
600 5642 9 83 66 1181 89 2245 
601 5642 6 57 64 1126 89 2153 
602 5642 9 91 67 1243 89 2291 
603 5642 10 184 64 1287 89 2374 
604 5642 7 84 67 1215 89 2277 
605 5642 11 145 67 1299 89 2329 
606 5642 8 78 66 1182 87 2189 
607 5642 11 121 66 1279 89 2298 
608 5642 10 97 67 1246 89 2290 
609 5642 5 57 65 1101 89 2173 
610 5642 12 195 69 1388 89 2421 
611 5642 12 174 65 1381 89 2455 
612 5642 11 133 66 1317 89 2370 
613 5642 6 69 65 1165 89 2195 
614 5643 12 208 68 1332 89 2382 
615 5643 14 256 68 1395 89 2437 
616 5643 24 309 70 1436 89 2477 
617 5643 19 340 67 1338 89 2393 
618 5643 19 292 68 1333 89 2377 
619 5643 18 246 70 1385 89 2401 
620 5643 11 160 67 1322 89 2403 
621 5643 19 319 67 1348 89 2423 
622 5643 12 219 70 1326 89 2357 
623 5643 20 307 70 1397 89 2409 
624 5643 19 350 67 1358 89 2393 
625 5643 19 310 68 1361 89 2395 
626 5643 19 285 70 1423 89 2434 
627 5643 23 330 69 1412 89 2453 
628 5643 18 232 70 1355 89 2395 
629 5643 17 300 68 1411 89 2432 
630 5643 14 199 70 1330 89 2365 
631 5643 25 344 70 1445 89 2467 
632 5643 13 239 70 1379 89 2389 
633 5643 19 280 70 1455 89 2475 
634 5643 7 150 67 1266 89 2337 
635 5643 22 264 68 1383 89 2423 
636 5643 12 218 68 1329 89 2365 
637 5643 13 237 68 1286 89 2339 
638 5643 17 229 70 1360 89 2383 
639 5643 12 216 68 1321 89 2371 
640 5643 20 306 70 1397 89 2411 
641 5643 13 199 67 1328 89 2401 
642 5643 12 214 70 1302 89 2355 
643 5643 19 361 68 1382 89 2407 
644 5644 19 191 66 1263 89 2308 
645 5644 22 330 68 1376 89 2417 
646 5644 13 108 65 1057 89 2296 
647 5644 14 163 65 1195 89 2252 
648 5644 17 264 67 1413 89 2381 
649 5644 22 334 66 1374 89 2378 
650 5644 21 310 65 1345 89 2367 
651 5644 20 246 66 1328 89 2344 
652 5644 18 197 67 1287 89 2324 
653 5644 13 158 67 1331 89 2377 
654 5644 14 263 67 1262 89 2348 
655 5644 13 152 67 1317 89 2365 
656 5644 19 326 67 1382 89 2378 
657 5644 13 197 67 1305 89 2383 
658 5644 17 143 65 1243 89 2288 
659 5644 12 119 65 1242 89 2289 
660 5644 14 193 67 1314 89 2393 
661 5644 6 51 65 1164 89 2235 
662 5644 0 0 0 0 89 2244 
663 5644 8 148 67 1331 89 2395 
664 5644 22 357 68 1405 89 2395 
665 5644 17 276 67 1445 89 2387 
666 5644 19 233 65 1337 89 2346 
667 5644 20 293 66 1428 89 2417 
668 5644 13 135 65 1173 89 2304 
669 5644 21 313 67 1362 89 2371 
670 5644 19 190 66 1251 89 2302 
671 5644 14 118 65 1137 89 2260 
672 5644 11 154 67 1344 89 2354 
673 5644 14 199 65 1302 89 2271 
674 5645 18 179 71 1211 89 2269 
675 5645 18 232 68 1293 89 2358 
676 5645 11 82 70 1092 89 2225 
677 5645 15 189 70 1257 89 2315 
678 5645 12 215 70 1251 89 2325 
679 5645 12 218 70 1312 89 2357 
680 5645 13 167 69 1151 89 2227 
681 5645 18 178 70 1189 89 2257 
682 5645 23 262 70 1233 89 2277 
683 5645 17 172 67 1200 89 2259 
684 5645 16 208 69 1282 89 2325 
685 5645 17 221 70 1278 89 2331 
686 5645 19 192 68 1209 89 2284 
687 5645 17 220 70 1285 89 2338 
688 5645 16 157 71 1205 89 2287 
689 5645 9 100 68 1109 89 2181 
690 5645 16 198 68 1169 89 2252 
691 5645 9 83 66 1121 89 2295 
692 5645 13 239 68 1299 89 2347 
693 5645 17 231 68 1272 89 2335 
694 5645 13 119 67 1170 89 2247 
695 5645 14 120 71 1142 89 2223 
696 5645 17 169 70 1204 89 2287 
697 5645 11 184 67 1230 89 2321 
698 5645 13 181 69 1280 89 2347 
699 5645 12 211 69 1266 89 2330 
700 5645 14 191 70 1297 89 2359 
701 5645 13 242 69 1290 89 2349 
702 5645 19 185 70 1159 89 2235 
703 5645 19 180 68 1143 89 2243 
704 5646 9 110 65 1107 89 2205 
705 5646 10 132 67 1093 89 2164 
706 5646 10 176 67 1272 89 2367 
707 5646 8 88 66 1068 89 2159 
708 5646 12 200 69 1217 89 2267 
709 5646 12 191 69 1210 89 2251 
710 5646 10 165 67 1258 89 2357 
711 5646 0 0 0 0 89 2311 
712 5646 0 0 0 0 89 2319 
713 5646 11 189 67 1152 89 2269 
714 5646 10 157 65 1227 89 2332 
715 5646 11 197 69 1229 89 2281 
716 5646 8 120 66 1134 89 2239 
717 5646 11 199 68 1220 89 2270 
718 5646 10 134 69 1118 89 2173 
719 5646 9 110 64 1135 89 2202 
720 5646 8 135 64 1119 89 2278 
721 5646 9 116 69 1162 89 2230 
722 5646 9 119 70 1166 89 2231 
723 5646 10 178 66 1269 89 2358 
724 5646 8 139 67 1165 89 2279 
725 5646 13 179 70 1190 89 2252 
726 5646 8 133 66 1095 89 2263 
727 5646 10 156 68 1154 89 2218 
728 5646 8 122 67 1150 89 2239 
729 5646 11 199 67 1223 89 2289 
730 5646 11 227 67 1221 89 2271 
731 5646 10 140 69 1140 89 2192 
732 5646 13 169 69 1172 89 2239 
733 5646 12 173 70 1200 89 2239 
734 5647 9 92 68 1065 89 2159 
735 5647 9 80 67 1025 89 2129 
736 5647 9 106 67 1115 89 2205 
737 5647 9 94 69 1085 89 2168 
738 5647 0 0 0 0 89 2317 
739 5651 9 121 63 1309 89 2266 
740 5651 23 392 65 1465 89 2399 
741 5651 0 0 0 0 89 2067 
742 5651 4 16 61 974 89 2094 
743 5651 0 0 0 0 89 2151 
744 5651 21 314 65 1465 89 2437 
745 5651 17 334 65 1429 89 2421 
746 5651 17 219 65 1402 89 2324 
747 5651 1 9 56 843 89 1958 
748 5651 9 65 61 1022 89 2166 
749 5651 9 65 60 1023 89 2168 
750 5651 16 228 64 1421 89 2351 
751 5651 0 0 0 0 89 2153 
752 5651 0 0 0 0 89 2117 
753 5651 1 1 59 882 89 2043 
754 5651 12 84 59 1063 89 2180 
755 5651 17 196 63 1320 89 2271 
756 5651 15 214 63 1359 89 2337 
757 5651 16 233 65 1419 89 2359 
758 5651 16 231 63 1403 89 2329 
759 5651 1 19 54 808 89 1915 
760 5651 16 233 63 1369 89 2369 
761 5651 1 1 58 866 89 2030 
762 5651 16 231 63 1423 89 2427 
763 5651 15 212 63 1363 89 2340 
764 5651 1 1 54 666 89 1772 
765 5651 1 1 57 820 89 1963 
766 5651 16 233 65 1421 89 2426 
767 5651 16 211 63 1384 89 2351 
768 5651 6 60 58 1026 89 2228 
769 5652 12 168 64 1283 89 2337 
770 5652 16 217 63 1340 89 2356 
771 5652 25 335 61 1174 89 2197 
772 5652 9 130 63 1265 89 2329 
773 5652 9 118 63 1256 89 2284 
774 5652 13 184 62 1240 89 2257 
775 5652 12 106 62 1199 89 2211 
776 5652 13 207 63 1297 89 2303 
777 5652 24 298 64 1353 89 2345 
778 5652 15 212 63 1380 89 2376 
779 5652 10 120 63 1282 89 2275 
780 5652 17 214 63 1342 89 2334 
781 5652 14 163 63 1287 89 2279 
782 5652 12 188 66 1271 89 2245 
783 5652 9 118 62 1241 89 2258 
784 5652 9 119 63 1267 89 2256 
785 5652 16 213 63 1346 89 2337 
786 5652 24 295 65 1394 89 2351 
787 5652 12 93 59 1109 89 2276 
788 5652 6 50 57 1090 89 2273 
789 5652 14 214 63 1349 89 2341 
790 5652 13 202 62 1283 89 2283 
791 5652 14 205 63 1310 89 2305 
792 5652 12 160 64 1291 89 2247 
793 5652 13 193 65 1297 89 2285 
794 5652 12 193 65 1288 89 2254 
795 5652 14 198 63 1309 89 2341 
796 5652 14 209 63 1330 89 2336 
797 5652 15 186 63 1290 89 2253 
798 5652 13 209 63 1313 89 2347 
799 5653 15 209 66 1292 89 2309 
800 5653 19 297 66 1464 89 2381 
801 5653 20 199 63 1198 89 2269 
802 5653 22 333 65 1380 89 2382 
803 5653 13 136 60 1150 89 2263 
804 5653 18 278 66 1375 89 2335 
805 5653 24 327 65 1328 89 2353 
806 5653 23 334 66 1395 89 2363 
807 5653 17 277 66 1360 89 2328 
808 5653 25 335 59 1190 89 2286 
809 5653 13 219 66 1324 89 2311 
810 5653 12 205 65 1304 89 2291 
811 5653 21 296 65 1354 89 2342 
812 5653 23 333 60 1210 89 2303 
813 5653 20 163 62 1189 89 2259 
814 5653 21 248 65 1245 89 2265 
815 5653 20 280 65 1317 89 2318 
816 5653 16 217 66 1309 89 2308 
817 5653 22 217 62 1184 89 2238 
818 5653 11 88 63 1178 89 2167 
819 5653 20 306 65 1343 89 2330 
820 5653 18 241 65 1257 89 2276 
821 5653 14 181 65 1222 89 2262 
822 5653 23 351 66 1400 89 2379 
823 5653 16 168 62 1227 89 2323 
824 5653 22 258 65 1257 89 2277 
825 5653 21 341 65 1342 89 2358 
826 5653 21 280 65 1291 89 2329 
827 5653 13 137 65 1260 89 2257 
828 5653 22 333 66 1403 89 2363 
829 5654 14 187 65 1288 89 2300 
830 5654 21 290 65 1323 89 2333 
831 5654 16 242 65 1324 89 2249 
832 5654 22 295 65 1343 89 2308 
833 5654 26 371 66 1389 89 2346 
834 5654 20 296 66 1382 89 2293 
835 5654 15 237 65 1321 89 2251 
836 5654 26 397 64 1376 89 2343 
837 5654 18 246 64 1347 89 2315 
838 5654 21 334 66 1398 89 2324 
839 5654 21 315 65 1388 89 2319 
840 5654 21 307 66 1406 89 2308 
841 5654 19 374 66 1477 89 2405 
842 5654 19 280 65 1344 89 2261 
843 5654 26 408 66 1392 89 2336 
844 5654 20 293 65 1367 89 2304 
845 5654 17 256 65 1345 89 2265 
846 5654 23 358 66 1395 89 2363 
847 5654 19 292 64 1383 89 2287 
848 5654 18 338 66 1455 88 2349 
849 5654 17 249 65 1342 89 2270 
850 5654 19 316 65 1404 89 2336 
851 5654 21 291 65 1362 89 2288 
852 5654 18 277 65 1362 89 2266 
853 5654 16 228 65 1266 89 2304 
854 5654 20 286 65 1351 89 2282 
855 5654 20 333 66 1421 89 2351 
856 5654 22 379 65 1448 89 2403 
857 5654 20 286 64 1286 89 2336 
858 5654 21 306 65 1374 89 2297 
859 5655 16 170 64 1193 89 2226 
860 5655 4 20 58 957 89 2235 
861 5655 14 136 63 1168 89 2202 
862 5655 4 29 59 975 89 2205 
863 5655 14 141 62 1164 89 2222 
864 5655 4 28 59 998 88 2235 
865 5655 10 82 59 1102 89 2160 
866 5655 16 118 59 1110 89 2215 
867 5655 21 293 65 1273 89 2324 
868 5655 10 83 59 1097 89 2162 
869 5655 7 75 60 1049 89 2121 
870 5655 17 209 65 1199 89 2250 
871 5655 13 135 64 1167 89 2234 
872 5655 19 219 64 1182 89 2247 
873 5655 20 257 65 1196 89 2244 
874 5655 7 47 59 1072 89 2137 
875 5655 11 102 60 1086 89 2139 
876 5655 17 216 64 1240 89 2265 
877 5655 0 0 0 0 89 2195 
878 5655 16 124 59 1123 89 2223 
879 5655 4 17 59 925 89 2218 
880 5655 11 136 61 1203 89 2248 
881 5655 13 135 64 1164 89 2236 
882 5655 0 0 0 0 89 2223 
883 5655 11 125 63 1205 89 2242 
884 5655 14 148 61 1179 89 2279 
885 5655 4 19 58 930 89 2226 
886 5655 11 119 59 1162 89 2253 
887 5655 9 100 60 1116 89 2149 
888 5655 18 182 62 1181 89 2238 
889 5656 4 14 55 835 89 2195 
890 5656 11 31 52 816 89 2210 
891 5656 4 14 54 830 89 2170 
892 5656 4 14 58 851 89 2215 
893 5656 22 382 62 1072 89 2092 
894 5656 4 14 51 806 89 2199 
895 5656 4 14 54 825 89 2197 
896 5656 11 76 54 837 89 2227 
897 5656 11 31 50 819 88 2158 
898 5656 0 0 52 815 89 2213 
899 5656 12 81 59 894 89 2243 
900 5656 11 31 52 816 89 2206 
901 5656 11 31 54 843 89 2198 
902 5656 0 0 0 0 89 2089 
903 5656 4 14 53 855 89 2206 
904 5656 4 14 58 867 89 2228 
905 5656 4 14 53 845 89 2205 
906 5656 11 76 52 781 89 2195 
907 5656 4 14 51 779 89 2207 
908 5656 3 13 59 885 89 2211 
909 5656 11 31 51 809 89 2208 
910 5656 4 14 53 807 89 2170 
911 5657 11 147 56 886 89 2111 
912 5657 6 56 56 787 89 2053 
913 5657 4 80 56 969 89 1973 
914 5657 10 128 50 698 89 2001 
915 5657 11 126 59 1164 89 2239 
916 5657 0 0 48 540 88 1742 
917 5657 8 104 63 1155 89 2173 
918 5657 8 52 53 720 89 1914 
919 5658 8 81 54 909 89 2015 
920 5658 4 66 54 763 88 1818 
921 5658 4 79 56 946 89 1925 
922 5658 4 62 55 774 88 1818 
923 5658 4 66 55 832 89 1904 
924 5658 4 94 55 987 89 1957 
925 5658 13 139 58 1200 89 2243 
926 5658 11 98 54 1026 89 2145 
927 5658 4 82 56 933 89 1927 
928 5658 7 69 56 1002 89 2053 
929 5658 4 90 57 973 89 1969 
930 5658 5 83 56 1054 89 2047 
931 5658 4 86 56 983 89 1961 
932 5658 4 54 55 765 89 1879 
933 5658 3 58 54 828 89 1907 
934 5658 10 84 56 1040 89 2104 
935 5658 4 90 55 955 89 1979 
936 5658 7 73 55 1008 89 2055 
937 5658 10 86 54 852 89 1949 
938 5658 4 46 54 832 89 1861 
939 5658 10 94 52 873 89 1994 
940 5658 4 65 57 896 89 1913 
941 5658 4 72 56 864 87 1820 
942 5658 6 53 56 978 89 2055 
943 5658 9 94 55 935 89 2038 
944 5658 4 75 56 917 89 1906 
945 5658 7 82 56 1040 89 2053 
946 5658 14 146 54 886 89 2043 
947 5658 12 132 55 791 89 1943 
948 5658 10 98 55 1025 89 2115 
